[[{"env":"visu", "file_path": "model/magnetic source/NN.stl", "trans_env": [-0.035, -0.05, 0, 0.0, 0.707, 0.0, -0.707],"scale": "0.00025", "color":[1,0,0,1]}, {"env":"visu", "file_path": "model/magnetic source/SS.stl", "trans_env": [-0.035, -0.05, 0, 0.0, 0.707, 0.0, -0.707],"scale": "0.00025", "color":[0.2824, 0.46275, 1.0,1]}, {"env":"visu", "file_path": "model/magnetic source/NN.stl", "trans_env": [-0.035, 0.05, 0, 0.0, 0.707, 0.0, -0.707],"scale": "0.00025", "color":[1,0,0,1]}, {"env":"visu", "file_path": "model/magnetic source/SS.stl", "trans_env": [-0.035, 0.05, 0, 0.0, 0.707, 0.0, -0.707],"scale": "0.00025", "color":[0.2824, 0.46275, 1.0,1]}, {"env":"visu", "file_path": "model/magnetic source/NN.stl", "trans_env": [0.035, 0.0, 0, 0.0, 0.707, 0.0, -0.707],"scale": "0.00025", "color":[1,0,0,1]}, {"env":"visu", "file_path": "model/magnetic source/SS.stl", "trans_env": [0.035, 0.0, 0, 0.0, 0.707, 0.0, -0.707],"scale": "0.00025", "color":[0.2824, 0.46275, 1.0,1]}], [], [], [{"pose_sensor": [0, 0.02, 0.035, 0.35355339059327373, -0.14644660940672627, 0.8535533905932737, 0.35355339059327384],"sensitivity":8e-7}], [], [{"background_color":[1,1,1], "step": 0.02, "gravity":[0.0, 0.0, -9.8], "contactDistance": 0.001, "friction_coefficient":0.1, "cam":1, "tra":1,"force_scale":[0.0,0.0],"field_show":[[-0.1,0.15,1.075,0.1,0.35,1.15,0.025]]}], [{"path_type": "yushe", "type": "custom"}], [{"algorithm_type": "EKF", "EKF_Q": [[1, 0, 0, 0, 0, 0], [0, 1, 0, 0, 0, 0], [0, 0, 1, 0, 0, 0], [0, 0, 0, 1, 0, 0], [0, 0, 0, 0, 1, 0], [0, 0, 0, 0, 0, 1]], "EKF_R": [[1, 0, 0, 0, 0, 0, 0, 0, 0, 0, 0, 0, 0, 0, 0],
                                [0, 1, 0, 0, 0, 0, 0, 0, 0, 0, 0, 0, 0, 0, 0],
                                [0, 0, 1, 0, 0, 0, 0, 0, 0, 0, 0, 0, 0, 0, 0],
                                [0, 0, 0, 1, 0, 0, 0, 0, 0, 0, 0, 0, 0, 0, 0],
                                [0, 0, 0, 0, 1, 0, 0, 0, 0, 0, 0, 0, 0, 0, 0],
                                [0, 0, 0, 0, 0, 1, 0, 0, 0, 0, 0, 0, 0, 0, 0],
                                [0, 0, 0, 0, 0, 0, 1, 0, 0, 0, 0, 0, 0, 0, 0],
                                [0, 0, 0, 0, 0, 0, 0, 1, 0, 0, 0, 0, 0, 0, 0],
                                [0, 0, 0, 0, 0, 0, 0, 0, 1, 0, 0, 0, 0, 0, 0],
		[0, 0, 0, 0, 0, 0, 0, 0, 0, 1, 0, 0, 0, 0, 0],
                                [0, 0, 0, 0, 0, 0, 0, 0, 0, 0, 1, 0, 0, 0, 0],
                                [0, 0, 0, 0, 0, 0, 0, 0, 0, 0, 0, 1, 0, 0, 0],
                                [0, 0, 0, 0, 0, 0, 0, 0, 0, 0, 0, 0, 1, 0, 0],
                                [0, 0, 0, 0, 0, 0, 0, 0, 0, 0, 0, 0, 0, 1, 0],
                                [0, 0, 0, 0, 0, 0, 0, 0, 0, 0, 0, 0, 0, 0, 1]]
}], [{"control_type":"PID", "kp":40, "ki":0, "kd":40, "kp2":4000, "ki2":0, "kd2":4000}]]