[[{"color":[1.0, 0.0, 0.0, 0.1],"env":"soft_static","indices":[[0.01,0.31,0.95,0.04,0.35,0.99], [0.005,0.125,0.95,0.035,0.145,0.99], [0.01,0.18,0.935,0.1,0.28,0.95],[-0.075,0.14,0.95,-0.03,0.24,0.96]],"mass":1.0,"poissonRatio":0.3,"scale":0.022,"surfaceMeshFilePath":"model/environment/stomach.stl","trans_env":[0.03,0.25,0.97,0,0.0,0.0,1],"volumeMeshFilePath":"model/environment/stomach.msh","youngModulus":100000}], [{"drive_yuan": "still_elc", "manipulator_type": "electromagnet", "tran_elc": [[-0.17, 0.25, 1.15, 1.0, 0.0, 0.0], [0.17, 0.25, 1.15, -1, 0.0, 0.0], [0, 0.08, 1.15, 0, 1, 0.0], [0, 0.42, 1.15, 0, -1, 0.0], [0.1012, 0.3512335, 1.2034, -0.62469505, -0.62469505, -0.46852129], [-0.1012, 0.3512335, 1.2034, 0.62469505, -0.62469505, -0.46852129], [-0.1012335, 0.1487665, 1.20342525, 0.62469505, 0.62469505, -0.46852129], [0.1012335, 0.1487665, 1.20342525, -0.62469505, 0.62469505, -0.46852129]], "radius":[0.05, 0.05, 0.05, 0.05, 0.05, 0.05, 0.05, 0.05], "turns":[100, 100, 100, 100, 100, 100, 100, 100]}], [{"object": "capsule", "pose": [0.015, 0.37, 0.97, 0.0, 0.0, 0.7071067811865475, 0.7071067811865475], "moment": 0.126, "capsule_mass": 0.0085612244897, "flotage": 0.0148, "inertiaMatrix": [6.12e-7, 0.0, 0.0, 0.0, 6.12e-7, 0.0, 0.0, 0.0, 6.12e-7]}], [{"pose_sensor": [-0.0076, 0.21, 0.896, 0.0, 0.0, 0.0, 1.0],"sensitivity":4e-6},  {"pose_sensor": [0.045, 0.28, 0.896, 0.0, 0.0, 0.0, 1.0],"sensitivity":4e-6}, {"pose_sensor": [-0.0076, 0.34, 0.896, 0.0, 0.0, 0.0, 1.0], "sensitivity":4e-6}, {"pose_sensor": [0.0976, 0.21, 0.896, 0.0, 0.0, 0.0, 1.0], "sensitivity":4e-6}, {"pose_sensor": [0.0976, 0.34, 0.896, 0.0, 0.0, 0.0, 1.0], "sensitivity":4e-6}], [], [{"background_color":[1,1,1], "step": 0.02, "gravity":[0.0, 0.0, -9.8], "contactDistance": 0.001, "friction_coefficient":0.1, "cam":0, "tra":1,"force_scale":[0.0,0.0],"field_show":0}], [{"path_type": "yushe", "type": "custom"}], [{"algorithm_type": "EKF", "EKF_Q": [[1, 0, 0, 0, 0, 0], [0, 1, 0, 0, 0, 0], [0, 0, 1, 0, 0, 0], [0, 0, 0, 1, 0, 0], [0, 0, 0, 0, 1, 0], [0, 0, 0, 0, 0, 1]], "EKF_R": [[1, 0, 0, 0, 0, 0, 0, 0, 0, 0, 0, 0, 0, 0, 0],
                                [0, 1, 0, 0, 0, 0, 0, 0, 0, 0, 0, 0, 0, 0, 0],
                                [0, 0, 1, 0, 0, 0, 0, 0, 0, 0, 0, 0, 0, 0, 0],
                                [0, 0, 0, 1, 0, 0, 0, 0, 0, 0, 0, 0, 0, 0, 0],
                                [0, 0, 0, 0, 1, 0, 0, 0, 0, 0, 0, 0, 0, 0, 0],
                                [0, 0, 0, 0, 0, 1, 0, 0, 0, 0, 0, 0, 0, 0, 0],
                                [0, 0, 0, 0, 0, 0, 1, 0, 0, 0, 0, 0, 0, 0, 0],
                                [0, 0, 0, 0, 0, 0, 0, 1, 0, 0, 0, 0, 0, 0, 0],
                                [0, 0, 0, 0, 0, 0, 0, 0, 1, 0, 0, 0, 0, 0, 0],
		[0, 0, 0, 0, 0, 0, 0, 0, 0, 1, 0, 0, 0, 0, 0],
                                [0, 0, 0, 0, 0, 0, 0, 0, 0, 0, 1, 0, 0, 0, 0],
                                [0, 0, 0, 0, 0, 0, 0, 0, 0, 0, 0, 1, 0, 0, 0],
                                [0, 0, 0, 0, 0, 0, 0, 0, 0, 0, 0, 0, 1, 0, 0],
                                [0, 0, 0, 0, 0, 0, 0, 0, 0, 0, 0, 0, 0, 1, 0],
                                [0, 0, 0, 0, 0, 0, 0, 0, 0, 0, 0, 0, 0, 0, 1]]
}], [{"control_type":"PID", "kp":40, "ki":0, "kd":40, "kp2":800, "ki2":0, "kd2":700}]]